"BT_EVT_Okae.1"	"BT_SCT_Okae.1"	"BT_TSC_Okae.1"	"BT_EVT_Okae.2"	"BT_SCT_Okae.2"	"BT_TSC_Okae.2"	"CT_EVT_Okae.1"	"CT_SCT_Okae.1"	"CT_TSC_Okae.1"	"CT_EVT_Okae.2"	"CT_SCT_Okae.2"	"CT_TSC_Okae.2"	"CT_EVT_Okae.3"	"CT_SCT_Okae.3"	"CT_TSC_Okae.3"	"n_H9.1"	"n_H9.2"	"nTE_D1.1"	"nTE_D1.2"	"nTE_D2.1"	"nTE_D2.2"	"nTE_D3.1"	"nTE_D3.2"	"nCT_P3.1"	"nCT_P3.2"	"nCT_P10.1"	"nCT_P10.2"	"nCT_P15.1"	"nCT_P15.2"	"cR_nCT_P15.1"	"cR_nCT_P15.2"	"nCT_P15_iPSC.1"	"nCT_P15_iPSC.2"	"CT_Okae.1"	"CT_Okae.2"	"nST.1"	"nST.2"	"nEVT.1"	"nEVT.2"	"pH9.1"	"pH9.2"	"pBAP_D1.1"	"pBAP_D1.2"	"pBAP_D2.1"	"pBAP_D2.2"	"pBAP_D3.1"	"pBAP_D3.2"	"CT_7wk.1"	"CT_7wk.2"	"CT_9wk.1"	"CT_11wk.1"	"H1_gt70_D8_BAP.1"	"H1_gt70_D8_BAP.2"	"H1_gt70_D8_BAP.3"	"H1_lt40_D8_BAP.1"	"H1_lt40_D8_BAP.2"	"H1_lt40_D8_BAP.3"	"H1_Yabe.1"	"H1_Yabe.2"	"H1_Yabe.3"	"H9_Shao.1"	"H9_Shao.2"	"H9_Shao.3"	"H9_amnion.1"	"H9_amnion.2"	"H9_amnion.3"	"hESC_H9_untr_0h.1"	"hESC_H9_untr_0h.2"	"hESC_H9_BMP4_8h.1"	"hESC_H9_BMP4_8h.2"	"hESC_H9_BMP4_16h.1"	"hESC_H9_BMP4_16h.2"	"hESC_H9_BMP4_24h.1"	"hESC_H9_BMP4_24h.2"	"hESC_H9_BMP4_48h.1"	"hESC_H9_BMP4_48h.2"	"hESC_H9_BMP4_72h.1"	"hESC_H9_BMP4_72h.2"
"BT_EVT_Okae.1"	0	13.8587749236007	31.0639385957875	10.7658055809299	18.6092379398457	24.4445222895782	13.0305265868372	11.9641208960433	25.1183638954802	12.2411600052986	22.0739787711166	18.9537972289774	8.26136754319349	8.53331911005965	22.1299495417487	38.6891603627249	39.3115410112405	27.91303166801	27.8934921797936	18.4696212504095	18.6012238490336	21.208989090542	21.1598762524512	20.2702860955685	20.7185219098505	21.6238878757785	20.957715068404	21.5198762099346	21.6614581261961	21.1408966579242	21.4198699835814	18.9293749074204	18.8701553177882	16.1682833412085	16.4199139935242	21.1411009931414	20.9205578363174	12.3300734451696	13.7930697438793	42.7994547448588	43.9923856133637	34.8666702590459	35.0501777973156	30.8577603913117	30.3071594474818	27.395583054272	26.6119020214913	7.71266270971789	6.83983608148474	6.23199352473043	9.49304281091811	15.0661482365847	14.7794158935797	14.1375726502779	16.602894689385	16.9498154120403	16.8518946978538	27.6761180120198	45.5992825709063	44.151803984835	26.4920488717789	25.72940477655	24.8296497969808	20.5546781413935	21.3758392140718	32.2919693305655	32.5496526231092	33.5924082001733	28.2110193631371	28.421545034993	26.3288856170281	26.9452069973623	22.0363961319732	20.7911453361486	25.5005504436067	28.6982595912329	35.3041501971565	35.3661995002103
"BT_SCT_Okae.1"	13.8587749236007	0	42.9545274518059	17.0978414289294	5.7347391604905	37.1164989958566	26.2780432453884	24.8000887853785	37.5877321115305	18.8150969419203	8.65843948176188	31.449572991938	19.590567232376	9.49175914727902	35.0395811042029	42.9293638630599	43.6392447121153	33.8352464806263	33.7716005167569	26.826686357558	26.9194288757807	32.3673626574046	32.17022827683	33.8648001856935	34.2013298634936	35.0855847514786	34.514455947456	34.7178618617477	34.8673964704513	34.3034092273149	34.6072559175524	31.9426714849755	31.7537161252506	29.9840665690158	30.2616112548621	21.856991152435	20.885760152923	21.5449593868958	22.2904298016002	46.9376309671151	48.0772303540934	40.4578570242663	40.5526398866249	37.6379787084348	36.9833628019375	35.1077481832448	34.421607199955	16.2520487121484	15.0065034834907	14.7735383183166	15.2224201611986	25.0208235814882	18.8244566207479	19.6915814064747	28.8222286602889	27.7755511594222	28.0796048040554	36.580278583553	50.2218686408482	48.9710750186838	34.0130098647004	33.9636379613297	32.9516893628847	30.7121714879551	31.4373749731067	40.9354407433282	39.4412103574095	40.3364586079002	35.7405138951036	35.9510580756685	34.468650586699	35.0884692207582	31.0188526253115	30.0592314166204	35.385008535159	37.2596405409597	43.2636261268153	43.0458852533474
"BT_TSC_Okae.1"	31.0639385957875	42.9545274518059	0	28.5068102527871	47.666227939839	7.60124939832857	24.105059181462	23.8079195393189	6.82700053209427	27.0470878863166	51.0163105340701	12.3862041416354	26.6742474928405	39.1452390529607	10.020172295238	29.408368165886	29.2990030875983	20.4256632676423	20.536094198361	19.3718613979065	19.3400003376827	10.8209712336678	11.0548326708815	20.4359302117067	21.5889834163423	23.4451653080306	22.7121592151982	24.9837986331137	24.6966831017179	26.6353842138815	26.594080606542	26.2187529710253	26.697418578279	21.7550547906238	20.7767752551992	49.5876513767657	49.8509708066404	36.5103800873648	37.9663404675034	31.4910015036392	32.3048779000173	22.7494879701169	23.0005007879935	24.1232685496462	24.5766488849152	26.9622670318651	26.8476654252774	28.9880335948727	30.3958372880576	32.4750527871214	32.8291208880134	31.2626772376339	40.7756036544617	38.7782885382089	23.3833691962571	29.1490196819601	27.2084342187925	12.3420472200323	32.7990219692998	31.1420121214665	20.9548147351627	18.1123216647293	18.7938769246137	17.3921089582198	21.3033272263404	33.8238672233656	21.9246029876319	22.623363901875	18.6040967922386	18.5422222253975	16.8040316327644	16.9826143938124	14.6067054318021	14.7922338442929	25.6691832444118	32.6972939122237	44.2769919020871	45.2679304130404
"BT_EVT_Okae.2"	10.7658055809299	17.0978414289294	28.5068102527871	0	20.3932422486959	23.7180587143781	15.3856794259876	12.7101855477099	23.0757026596306	2.0279381406479	23.7698483548728	18.7681659329466	7.30418099687213	17.415097594533	21.4835847469939	29.0717505788464	29.8289339812085	21.61828352321	21.516147739615	17.4230638009897	17.4822132442076	18.9643662415375	18.6352183647067	21.9577758132249	22.4448651354058	24.2664423863024	23.6437663386881	24.0955399991534	24.0453865590612	25.0517285638315	25.3673337945104	22.1012588086204	21.9737232108901	19.9120461061712	19.8217137741257	29.3818766847424	29.0780651098999	21.2985964257975	22.7137814377365	33.3722043946387	34.5695738247277	29.6208839150628	29.6717051395674	31.4211253584727	31.1350414170587	31.592630609878	30.9808598455014	14.1314820349668	14.2591996657825	15.9919801579151	17.5459403613419	24.4462898885236	25.4200971251497	24.8215579327781	23.1291327036117	25.5583764288204	24.7993210861484	22.818535224508	35.9354180303541	34.652364633932	17.3515043615123	17.3698154947776	16.3012418189783	22.1357976575365	25.4160574415384	39.3968410160216	23.3749044507137	24.3421193483963	19.7477079706594	19.9859407774012	18.4653954202997	18.9498453280683	17.0795773421124	16.0339997322857	31.2629014871337	36.0563474836927	44.8848204542619	45.1145488690563
"BT_SCT_Okae.2"	18.6092379398457	5.7347391604905	47.666227939839	20.3932422486959	0	41.9688905890875	30.1613997432062	28.598931067572	42.1775128589081	22.1361927022219	3.61408062366024	36.3771891804863	23.2693897705219	13.9844166147339	39.7661041047085	45.2902510445224	46.0814504843599	37.8553980560435	37.7658997326408	31.990971365656	32.0744250253798	37.2114305909302	36.9769212185079	37.9105648038337	38.109892602332	38.9653957397259	38.4925348796909	38.3818023754576	38.5276800089301	38.0578480156614	38.3838020998165	35.5458119597012	35.2731208189792	34.3804797409227	34.7182767558295	22.6675819114306	21.5629944065267	24.9211184841138	25.4280997342424	49.326862786001	50.4424336544759	44.6650993640393	44.7154210688052	43.0059090617532	42.3743993054661	40.802973506337	40.1260118064331	21.8724309952141	20.6302419692896	20.2025895713382	20.9149198409639	30.2893418817788	23.0756974992892	24.27073620144	34.2333122770389	33.1033618258718	33.494654025418	41.0595324757582	52.446161505477	51.3526367523009	36.8501249591759	37.228547319044	36.1597395872693	36.1992021430262	37.1167658655597	46.5338786767321	42.2342371076412	43.0640044439623	39.0218272012035	39.2423771045229	38.0130527297146	38.5565854372189	35.4722459923066	34.5418039441055	41.0922930743566	42.8511879693685	48.1007459459077	47.7882624301653
"BT_TSC_Okae.2"	24.4445222895782	37.1164989958566	7.60124939832857	23.7180587143781	41.9688905890875	0	17.2987484045055	17.3529016988986	3.35558184877733	22.6328623569058	45.3950831078758	5.71013941655945	20.6554311969247	32.3762813209889	2.98967432849259	32.213567933761	32.317732236786	21.3046851226602	21.403916293282	15.8774001853886	15.9067233213363	7.31562641217639	7.79890554589224	14.0707879826453	15.3707073911331	17.143426906066	16.2671199502816	18.7530801738089	18.534832878773	20.023734865596	19.9976606976431	19.6097463066638	20.1233170836216	14.4532035733778	13.4642265920472	42.2429409979849	42.541141934916	29.0711006283297	30.5133217767259	35.0470384799344	36.0182671000487	25.3118623006302	25.6004738449435	23.2665795008215	23.4242660122717	23.4372658654183	23.0977552459344	22.7667132213908	24.0471694854386	25.6824890215822	26.4532646043817	24.0799172499134	33.5022520064648	31.506743240015	16.2985261024079	22.0394139930636	20.1799075368114	14.1361237223113	36.7793213316404	35.1029035691914	20.9792675113867	18.2756550211632	18.5180611769526	13.1065849841479	16.3634140012944	29.1925442791736	24.0774261592767	24.9937530548435	19.8686006791908	19.9031212464226	17.5526267224448	17.9337751577754	13.366507145822	12.8711815118802	20.7421484139052	27.532953425759	38.1377323476508	39.0157519446115
"CT_EVT_Okae.1"	13.0305265868372	26.2780432453884	24.105059181462	15.3856794259876	30.1613997432062	17.2987484045055	0	2.85686373927071	17.3053592518432	15.7440967278789	33.7590203818081	13.8245579961835	8.31747192188507	20.3899467510188	14.3711628414165	38.0162173377642	38.613078652654	29.137097623884	29.1263673116082	21.1912153344939	21.3056515563326	17.7670469177974	17.8816398646787	7.78484772454635	7.9709802335727	9.19922912808897	8.63786628825954	9.0154970540189	9.05148811492277	9.68565535586101	9.99182193928407	6.92790568794921	6.95205747136461	5.870544430209	6.24228381456441	26.5650209188939	26.959312855466	13.9911275654404	15.3205572145768	42.047580053745	43.2049031745386	36.0916833933106	36.2853785228144	33.5850256824278	33.3008109677444	30.4904985132592	29.7571751509509	17.1577980697439	17.2932224825435	16.8428261983277	20.0929220690424	18.5410036637081	23.0132700758834	21.7644879592553	15.6497795647	18.3871735034248	17.7881475455857	25.671714031286	43.7449474210035	42.3665860622967	23.0993305527485	22.2092337098044	21.5235061230566	21.0993490851102	22.5861442381214	33.7243087607794	29.3288929848078	30.3702507145309	25.512488504574	25.7155183648736	23.5163713683114	23.853799741202	20.9630923996692	19.6641005116593	26.3144075064566	30.7657997005778	36.3430838141151	36.6358367747042
"CT_SCT_Okae.1"	11.9641208960433	24.8000887853785	23.8079195393189	12.7101855477099	28.598931067572	17.3529016988986	2.85686373927071	0	17.0511164177612	12.9904757690592	32.2116903838103	13.4824555308234	5.86986439906336	19.8142663578161	14.4183299445992	35.5865900488557	36.2162272038646	27.1036400436434	27.0762642494766	19.8682589903621	19.9736053348431	16.7907091719946	16.8140606406938	9.72548203851601	10.018789778106	11.6165471321436	11.049381604956	11.4233568276376	11.3957282232836	12.4153285663935	12.7252878722664	9.50828156869204	9.46406871374241	8.17225829938655	8.30704079442635	27.1669478788327	27.4402909272998	15.1802478623011	16.5833962547624	39.6875306161499	40.855381004894	34.3481920847286	34.5154027550133	32.8937628479049	32.6301864558735	30.5576748923356	29.8460472504294	16.2725728869001	16.4602710670052	16.4591255274336	19.5400606079249	19.6280807040564	23.6196554725085	22.4585499835233	16.7385242228629	19.6861652342944	18.9763165484972	24.1813273737208	41.4487373437734	40.0893684591685	20.7434559692852	19.9933071142539	19.2318396260223	20.6791734381461	22.7459052988563	34.8618161723937	27.1014663029624	28.1453062431717	23.3092393187899	23.523402163151	21.3912800882991	21.7340059203501	19.2080569507833	17.9033537450666	27.0949734659804	31.823864714269	38.2493821420651	38.54749495697
"CT_TSC_Okae.1"	25.1183638954802	37.5877321115305	6.82700053209427	23.0757026596306	42.1775128589081	3.35558184877733	17.3053592518432	17.0511164177612	0	21.8355073098214	45.6341085532368	7.16157122370504	20.3191435163533	33.3565641736783	3.82666478941202	29.9875297785213	30.1326464850871	20.6114871353726	20.6812626275698	17.0168580197265	17.0300256205995	7.73637097048224	8.02485720192379	14.05973752982	15.2463092180963	17.2942478906364	16.5133001974251	18.7222396126178	18.4435990377293	20.4366848655986	20.4426171390357	19.6886049285044	20.1377196860261	15.3290465056142	14.366255848838	43.0930766585703	43.3834842617144	30.0418241510146	31.487626446238	32.8758109235846	33.8450637538141	25.073615696561	25.3089922159255	25.3018303072378	25.5180093142531	26.3209743431722	25.9910955532313	24.1334307976978	25.3744443851359	27.0886553435425	28.0585819494394	26.4586843396495	35.2901945586725	33.3982120290027	18.9463378631542	24.6266101895401	22.8267303323846	13.4264020873959	34.3159937089208	32.707495478923	18.3726668917454	15.779914104752	16.0837322220297	15.4673826526124	19.2582181186013	32.5071513826475	21.3956853514051	22.2922853432895	17.5200750619643	17.5573158144545	15.3452336864108	15.6016113187104	12.7364977260403	12.2998309335412	23.9713472014091	30.773206752263	41.189940807595	42.0307367171403
"CT_EVT_Okae.2"	12.2411600052986	18.8150969419203	27.0470878863166	2.0279381406479	22.1361927022219	22.6328623569058	15.7440967278789	12.9904757690592	21.8355073098214	0	25.4490159123765	17.8622809496624	8.13230277057375	19.1887388481127	20.5087431534522	27.1610560798601	27.9048333410086	19.8355339479617	19.7273108005771	16.4595049694124	16.5047885667023	17.6464853487953	17.278093349396	21.8195591523357	22.3735459292802	24.338803106944	23.690627046388	24.2666870402105	24.1838377576716	25.3986804771567	25.7028697875035	22.4718332292685	22.3783099423278	20.0484274149566	19.8638956449474	31.2966329006648	31.0165535080542	22.7868464953676	24.2391606016667	31.4519670205814	32.6507382085349	27.9190084578575	27.9590770277412	30.500497272554	30.270235474696	31.2541019944777	30.6789782746158	14.84557867802	15.1797569668712	17.2033842287081	18.5235755123385	25.2332701555331	26.9131791338311	26.1966177447117	23.3038933740307	26.1354972006602	25.2320405620968	21.0520868472927	34.0096788578827	32.705319775778	15.4555217659	15.4136972888736	14.353222830076	21.4061047638403	25.0619531564343	39.4922653137082	21.4046307324791	22.3770991720992	17.7309033478449	17.9681120426231	16.4654264455912	16.9516115123643	15.3802107605774	14.3830022958598	31.1393233214653	36.2405811945836	45.5963264660176	45.8841881219215
"CT_SCT_Okae.2"	22.0739787711166	8.65843948176188	51.0163105340701	23.7698483548728	3.61408062366024	45.3950831078758	33.7590203818081	32.2116903838103	45.6341085532368	25.4490159123765	0	39.7787956673677	26.8715276748795	16.8926774790296	43.243688199493	47.6383093520586	48.4252651110098	40.4616464001734	40.3702380586834	34.8866554656541	34.965392047249	40.4852025852607	40.2422918315269	41.5050343761889	41.7032218561226	42.5305997428459	42.0607786846568	41.9386388621847	42.0905856510238	41.5632554124159	41.8871797620857	39.0863641863572	38.809819602536	37.9213907080724	38.2625387158655	24.5074786505223	23.3176603450953	28.0237988761889	28.4330049587259	51.5815695590493	52.6708486555395	47.0418522106743	47.0811103857632	45.3687972900797	44.7181528156676	43.2216386992317	42.5666362325468	24.8892993855294	23.6489745260578	23.227228373901	23.621465522874	33.1231714683471	25.3416855290489	26.694286181749	37.3832358289377	36.0226730056073	36.4769494087954	44.0511387881538	54.780903959886	53.7283035978242	39.9199446580168	40.3537487994611	39.2923313043246	39.1809577641731	39.9823140674102	48.9351646220244	45.1115095688463	45.9088821162942	42.0027948714985	42.2184544991767	41.0744546180152	41.6206560257477	38.5531444679685	37.6707774802617	43.8197276177268	45.2778127269513	50.2981519009934	49.9326260374274
"CT_TSC_Okae.2"	18.9537972289774	31.449572991938	12.3862041416354	18.7681659329466	36.3771891804863	5.71013941655945	13.8245579961835	13.4824555308234	7.16157122370504	17.8622809496624	39.7787956673677	0	15.8690379297497	26.8684855928213	4.42509073700474	31.5540833212028	31.7776895012339	19.4436217626786	19.5254809044883	11.6782349533389	11.7440827447077	5.07200376953843	5.50184891131003	13.2507760083176	14.5912443152478	16.4597906467771	15.4586420970982	17.8292303304283	17.6863814779166	18.7898262532744	18.8464045569098	17.7976850627642	18.2442767271561	11.9106375238228	10.9834279852163	37.5982623178316	37.7918857893272	24.7776762425221	26.3093878971942	34.8014143116494	35.8646405440026	24.5774057856395	24.8601995429962	21.7138476095363	21.6794451207476	21.1667792761695	20.6906725694573	17.1515171001541	18.4254991128175	20.2022946918043	20.9697329436665	19.9188260485787	28.5900831754927	26.6829101976349	12.8139084169896	18.4070683275027	16.5863801252789	13.9031949946938	37.0196569183107	35.3200585345983	19.6944796454705	17.1452583294533	17.0730670525268	9.94088929445059	13.5044368629161	27.708824238736	23.8062759673216	24.8256732540657	19.0393788934607	19.1269280557338	16.5398731826673	17.1060479947385	10.9545937115698	10.0243694987888	18.83615845577	25.4433878554124	36.2099682640221	36.9583533102111
"CT_EVT_Okae.3"	8.26136754319349	19.590567232376	26.6742474928405	7.30418099687213	23.2693897705219	20.6554311969247	8.31747192188507	5.86986439906336	20.3191435163533	8.13230277057375	26.8715276748795	15.8690379297497	0	16.2121948444873	17.9589480808095	33.7209353415657	34.4225340119024	25.3425440377267	25.2864454618268	18.5769965798034	18.6769345834298	17.9702365646249	17.8408507306641	15.5432896720409	15.8867065869993	17.4323366367852	16.8604034501768	17.1502948954681	17.1496099218517	17.8868082448896	18.2110119015927	14.9523714405046	14.8165218699202	13.3024397843707	13.4044209545984	25.7502224562313	25.7482623624644	15.5497757740307	17.0094978061752	37.9733984548358	39.1686524523498	33.0200774963402	33.1476271818014	32.3676684719257	32.0429330105275	30.6598302920699	29.9510578383494	13.4947890443535	13.4836948928238	13.9417870753513	16.795458060786	20.2561329155956	22.2444150711927	21.4112091590254	18.7354146021712	21.0772636885148	20.4682274952063	24.2230014473786	40.1283149344002	38.7955760060301	19.8590850211649	19.4589858839413	18.5034977832886	21.1012357419888	23.4922788055644	36.3089495011686	26.3465093339957	27.3824795803227	22.5101952837177	22.7442624185767	20.7888235815393	21.2196693938001	18.6176412199542	17.3292087081918	28.4638643683575	33.0062019420838	40.1864096246031	40.3993823468648
"CT_SCT_Okae.3"	8.53331911005965	9.49175914727902	39.1452390529607	17.415097594533	13.9844166147339	32.3762813209889	20.3899467510188	19.8142663578161	33.3565641736783	19.1887388481127	16.8926774790296	26.8684855928213	16.2121948444873	0	30.1934698127145	45.536358526774	46.1782736186647	34.5930301394123	34.5757852596228	24.7983151981177	24.9309539933744	29.1100753274316	29.0792395057014	27.5347924249433	27.8249703963492	28.2251867743958	27.6697969531513	27.9368785748993	28.1645199490584	26.9318800087076	27.1955216232987	25.109580743667	24.9850431150359	23.0849775154488	23.5140057596659	15.9830567069802	15.3733824509658	12.9726406180073	13.742459767156	49.6149085033989	50.7963958566164	41.1057194476026	41.292656656208	35.4397266593878	34.7297221772636	30.6960137936397	29.8920568773558	11.8719606351217	10.2458097278422	7.78841170282699	10.0715345262472	16.6482755034673	10.1131168950425	10.8132117759164	21.5105224382388	19.5581144644832	20.2281492221279	35.261331648383	52.6815821848562	51.2715471372654	34.3277386256931	33.7510744344578	32.8122469576833	26.6630223686742	26.2294536807299	34.1054505346459	40.2802026052906	41.2912939439168	36.0322590836442	36.2418364221497	34.2668244168719	34.911379634535	29.7055523607336	28.5431169613562	29.0701958399494	30.3960059246938	34.7192813793084	34.4750324985496
"CT_TSC_Okae.3"	22.1299495417487	35.0395811042029	10.020172295238	21.4835847469939	39.7661041047085	2.98967432849259	14.3711628414165	14.4183299445992	3.82666478941202	20.5087431534522	43.243688199493	4.42509073700474	17.9589480808095	30.1934698127145	0	32.2765803751922	32.4861523571666	21.7654005862804	21.8389698706868	15.7944343760722	15.8422865995577	7.48442163426676	7.89701460268876	11.4760540911867	12.7842035190898	14.7079248317151	13.812918553488	16.2125654740175	15.9940662256653	17.5757604524557	17.585043284116	16.8981180442639	17.3837407165038	11.8756207729193	10.8919807232522	39.6745572662201	39.984125134187	26.5247433161882	27.9661773286647	35.3983077819634	36.4186770609945	26.6091545514419	26.8734044854976	24.780024466337	24.8519439166409	24.3838610409352	23.9536320828421	21.2087622758005	22.3782456803129	23.8169148598122	24.9635167745029	22.7560553267743	31.6497218775032	29.735288940182	15.3278685239571	20.9382656329916	19.1903260958286	15.2095147825198	37.0979355758768	35.4699785702227	19.9213627180802	17.4517623839961	17.5252663161612	13.6548185100445	16.8232793161518	29.8486922083402	23.7615249272837	24.7287672664615	19.5243436713231	19.5977193011879	17.1783093216358	17.552276102601	13.3268146791819	12.5805386116916	21.3393402809233	27.8964510732649	37.8013854375904	38.591783545631
"n_H9.1"	38.6891603627249	42.9293638630599	29.408368165886	29.0717505788464	45.2902510445224	32.213567933761	38.0162173377642	35.5865900488557	29.9875297785213	27.1610560798601	47.6383093520586	31.5540833212028	33.7209353415657	45.536358526774	32.2765803751922	0	1.15450982144478	16.5990598765167	16.4057919849249	28.6260057246559	28.5035978851405	27.2544514634262	26.6979118491157	39.6404564820072	40.4192646808049	42.9518695504888	42.334828657159	43.4227540082865	43.1184560314627	45.6612778314841	45.8568138720211	43.2468008914632	43.3166522475747	40.3529277285665	39.6589357214833	58.4309204780139	58.1398630789927	49.1189687311812	50.6424624215394	4.45606470207319	5.62228169732263	19.6540594495874	19.256604925849	35.7217070444282	36.2102880260679	43.4396709547216	43.3927319563984	37.8399325671267	38.9347573583597	42.1304059475928	41.7950838279699	47.9593765442974	52.5799735570059	51.4660927764274	42.9127433878038	47.6759175119118	46.0122390451943	20.4773180138286	7.43342058984525	6.13654718540053	15.6233625122156	16.1940309161626	16.6930494170766	33.8895797019763	39.5497795127004	55.1769267228944	10.1837802321808	9.52612595179401	13.0486922764728	12.9169145595192	15.31774300196	14.9701099753715	21.5706942343813	22.4369540418176	46.3162056490615	53.0537203649121	66.2998367682707	66.9965618454658
"n_H9.2"	39.3115410112405	43.6392447121153	29.2990030875983	29.8289339812085	46.0814504843599	32.317732236786	38.613078652654	36.2162272038646	30.1326464850871	27.9048333410086	48.4252651110098	31.7776895012339	34.4225340119024	46.1782736186647	32.4861523571666	1.15450982144478	0	16.4965742881314	16.3134373860608	28.7495539393141	28.623343779129	27.3850639249644	26.835524142907	40.1084379791126	40.911618320804	43.4429681586499	42.8136706404091	43.9579316300288	43.6523364193548	46.1862027795342	46.3747595027691	43.822106750508	43.90708740428	40.8110379191869	40.0990228161584	59.1949425581233	58.9065477918066	49.7701260842102	51.304029909402	3.57153219076123	4.76764228916697	19.0797773814548	18.6735802828513	35.4078090992748	35.9208356361174	43.3239580604712	43.2999143883289	38.2708904971856	39.3973870026927	42.6325357031499	42.2206032703621	48.3048297265782	53.0961836326776	51.950472895787	43.1649680476711	47.970527902645	46.2813890359293	20.3396537728452	7.00804888862728	5.54849716296303	16.3387278537775	16.7347527865394	17.2872319506815	33.9196782142027	39.5806982756346	55.1351059884071	10.7269901988727	10.0620421117136	13.4650303097046	13.3153810558257	15.6787121514657	15.3479059726296	21.7282996421428	22.6460788312425	46.3139697724398	53.0732504305322	66.4700098010845	67.185935615137
"nTE_D1.1"	27.91303166801	33.8352464806263	20.4256632676423	21.61828352321	37.8553980560435	21.3046851226602	29.137097623884	27.1036400436434	20.6114871353726	19.8355339479617	40.4616464001734	19.4436217626786	25.3425440377267	34.5930301394123	21.7654005862804	16.5990598765167	16.4965742881314	0	0.244515893651198	13.0228843045142	12.8759793284595	14.6509962409065	14.140335157299	31.0670285149147	32.1981428804845	34.5068279683915	33.6176778133458	35.4257193739395	35.2217022210849	36.8869106123396	37.0359263241496	34.9582509407906	35.1942595456848	30.0689506075516	29.295949521469	49.0178596442697	48.7407603269248	38.7910623245935	40.4134523393183	19.0238955306702	20.0092236557824	8.28963406970796	8.26531196547888	19.5531954167654	19.931673124812	26.9303405086466	26.9027164764164	24.5034361906928	25.9093022556214	29.4536000552973	28.2410822201577	33.8470661660635	39.7404573210243	38.3225287566937	28.8401079415853	33.405842366807	31.6503646809335	8.11070060105521	22.8915416697038	21.0327597329761	15.9259168521199	13.7851229408635	14.1214164049785	18.3007230356098	23.7604980356759	39.0839209131788	15.4652577976736	16.0636743739213	11.5759402399372	11.4928327130134	10.847140409072	11.5442493313356	8.71617973300268	9.83919424399483	30.4845797455793	37.0138359307858	51.0637060500716	51.8142738166626
"nTE_D1.2"	27.8934921797936	33.7716005167569	20.536094198361	21.516147739615	37.7658997326408	21.403916293282	29.1263673116082	27.0762642494766	20.6812626275698	19.7273108005771	40.3702380586834	19.5254809044883	25.2864454618268	34.5757852596228	21.8389698706868	16.4057919849249	16.3134373860608	0.244515893651198	0	13.1409906799969	12.9950633324289	14.745487961857	14.2299815899745	31.0876141890147	32.2126576533623	34.5273328556007	33.6416317994364	35.4347923104886	35.2299062729016	36.906509283551	37.0575757711615	34.9602893751155	35.1920985492517	30.1039979288195	29.3342987918653	48.9899943233774	48.710620709604	38.7901944298434	40.4117137008633	18.8615944028958	19.8527229816196	8.44540463817896	8.4098306183272	19.7811332522868	20.1554600866054	27.1283710251994	27.0963863737049	24.5385904161149	25.9364846201353	29.4784696922452	28.2836919642843	33.9357373255604	39.7789757345959	38.370502462336	28.9491469904784	33.5092628771268	31.7590888414388	8.23584952079293	22.7321429006551	20.8778984360138	15.7632902129021	13.653215022839	13.983414325918	18.4633105480709	23.9276927316038	39.270903516201	15.2966850993605	15.8937550088923	11.4287637324617	11.3470322667363	10.7323171501003	11.4251111928014	8.76060552570648	9.87379438609248	30.6622221627099	37.1878893062789	51.2088937717966	51.9553083996607
"nTE_D2.1"	18.4696212504095	26.826686357558	19.3718613979065	17.4230638009897	31.990971365656	15.8774001853886	21.1912153344939	19.8682589903621	17.0168580197265	16.4595049694124	34.8866554656541	11.6782349533389	18.5769965798034	24.7983151981177	15.7944343760722	28.6260057246559	28.7495539393141	13.0228843045142	13.1409906799969	0	0.159978472000252	9.38296574212165	9.23058720173908	23.7943045228332	25.0313962414787	26.8256351600412	25.8049402025183	27.8998400824974	27.8294611575059	28.453902112285	28.5751129186056	26.9905254219313	27.3116963331985	20.9903086669126	20.3192743775141	39.0922518568496	38.9037529262435	28.385762203653	29.990042646823	31.6427208167103	32.6980954112113	17.7066004123379	18.0081872161267	14.1752213607332	13.9766005269577	16.4175334429232	16.0826871815776	13.2336137279164	14.8483029919391	18.2113299374873	16.7758508373948	21.0561696224655	27.8634998524637	26.2009709873299	16.5570583410712	20.6371145711191	18.9331582130447	12.2591687425137	35.1374565939766	33.3147296638785	21.17997655911	18.6983161488755	18.5381406606552	6.98247093133498	11.7804605240587	27.3789955491595	24.2585255580546	25.2046308248648	19.0721032824934	19.1287064123967	16.8878932568012	17.7766921257993	8.76676804358401	8.3709468484653	18.6741261486499	24.8388754484638	38.2812871655174	38.9690012504317
"nTE_D2.2"	18.6012238490336	26.9194288757807	19.3400003376827	17.4822132442076	32.0744250253798	15.9067233213363	21.3056515563326	19.9736053348431	17.0300256205995	16.5047885667023	34.965392047249	11.7440827447077	18.6769345834298	24.9309539933744	15.8422865995577	28.5035978851405	28.623343779129	12.8759793284595	12.9950633324289	0.159978472000252	0	9.38171146753372	9.22326000664784	23.8918722102809	25.1298375384985	26.9314997160046	25.9113527454402	28.0069277929277	27.9346983310753	28.5722475171149	28.6933730693889	27.1057233293159	27.4267657510756	21.111108778241	20.4369857221744	39.2367348543251	39.046709001944	28.5350827249651	30.139870646012	31.5100609487217	32.5639136925957	17.5470561054646	17.8484510671908	14.1179332762577	13.9278006045824	16.4702338376377	16.1428787055838	13.3752489810524	14.9885493694365	18.3584154599703	16.9153253455906	21.2138487907386	28.0165150314007	26.3561047979474	16.7023183773932	20.7906355668808	19.0842706735431	12.1429515627414	35.0111171993311	33.1868922716445	21.1277204077031	18.6406915189958	18.4870564967116	7.05391982922486	11.8792248978583	27.4755995444383	24.1694680647589	25.1127612499942	18.9866845332601	19.0416932822261	16.80939743895	17.6991063248956	8.68577997206775	8.31106225754121	18.7731585626013	24.9471652539168	38.4169188853278	39.1069442006676
"nTE_D3.1"	21.208989090542	32.3673626574046	10.8209712336678	18.9643662415375	37.2114305909302	7.31562641217639	17.7670469177974	16.7907091719946	7.73637097048224	17.6464853487953	40.4852025852607	5.07200376953843	17.9702365646249	29.1100753274316	7.48442163426676	27.2544514634262	27.3850639249644	14.6509962409065	14.745487961857	9.38296574212165	9.38171146753372	0	0.598919716983492	17.6962303459111	18.9866769961196	21.0604490083483	20.1035481259637	22.3356174573476	22.1517064328058	23.5575335785715	23.6327869895553	22.309060931661	22.7017850920729	16.7578154031983	15.8514796586303	41.1156215272593	41.1897968112561	28.7802638258828	30.3640031614055	30.2891903571625	31.3278622798672	19.6259409654326	19.8937146357411	19.2394795432051	19.3674185008394	21.209419666464	20.886011753947	18.6088958546024	20.0582500065289	22.5427765227112	22.6446108362689	23.4950783037035	31.7583238030574	29.9206048157315	16.6899195185212	22.1817845530153	20.282681734124	8.86374410553273	32.7328128727696	30.966293842756	17.1296008415863	14.2274186719106	14.3579263753547	9.53067759293139	14.606972036598	29.8252674040021	20.2800868985073	21.2585536691894	15.3363502363207	15.3814661028048	12.8410177407602	13.4975526977323	6.45543254633111	5.88865406265659	20.7538315429988	27.7109989071187	39.8839403023975	40.6796725410725
"nTE_D3.2"	21.1598762524512	32.17022827683	11.0548326708815	18.6352183647067	36.9769212185079	7.79890554589224	17.8816398646787	16.8140606406938	8.02485720192379	17.278093349396	40.2422918315269	5.50184891131003	17.8408507306641	29.0792395057014	7.89701460268876	26.6979118491157	26.835524142907	14.140335157299	14.2299815899745	9.23058720173908	9.22326000664784	0.598919716983492	0	17.9735157160654	19.2498801456956	21.3571851260672	20.4068883960602	22.5974900995726	22.4101810457896	23.8558511431671	23.9388125428858	22.536821764607	22.9162128079885	17.0594678289991	16.1627647063131	41.1844143261695	41.2443182393675	28.9271204561921	30.5165427652052	29.7559662800905	30.7998254149655	19.2683941862795	19.5268157661089	19.3255058400698	19.4595835988961	21.5039482969343	21.1846020707529	18.6021773514389	20.0507623159909	22.5903570830852	22.6764223038368	23.8026787360726	31.9126038629227	30.0997731139597	17.103304276048	22.5533037821086	20.6664636382891	8.48266931703646	32.2204514675179	30.4548873620271	16.6230850545119	13.7161270654063	13.8437301570442	9.81004166317271	14.9758223875002	30.2828045371323	19.7659821916648	20.7470091783761	14.7951221919269	14.8415551686534	12.2976417363841	12.9667613601429	5.87632196832458	5.30422567462713	21.1999323730338	28.1439056608655	40.3538139582834	41.140977273502
"nCT_P3.1"	20.2702860955685	33.8648001856935	20.4359302117067	21.9577758132249	37.9105648038337	14.0707879826453	7.78484772454635	9.72548203851601	14.05973752982	21.8195591523357	41.5050343761889	13.2507760083176	15.5432896720409	27.5347924249433	11.4760540911867	39.6404564820072	40.1084379791126	31.0670285149147	31.0876141890147	23.7943045228332	23.8918722102809	17.6962303459111	17.9735157160654	0	1.37638405630649	3.48941628134401	2.7361809053601	4.74613477217848	4.53216009072733	6.56824915565713	6.63712598529079	5.88638436971287	6.40305729195774	5.27214422836882	5.14713133078348	32.5326579257925	33.1187168651771	19.5299731234717	20.6199892883191	43.3066690778687	44.3896307502891	37.1315815193116	37.3570468760721	34.4091398341751	34.2652947849448	31.3749342916914	30.7276546961637	22.8210430050354	23.2729875450627	23.0110038466333	25.8189085953435	21.6078084281909	28.4104756864216	26.8442474211837	16.6231382341744	20.3054899582228	19.4315227896857	25.739285142132	44.5200364462832	43.1295170588879	24.7758585283086	23.4835507020646	23.1273538694446	21.9863059016956	23.3215752271565	33.3952195646815	30.1860609003939	31.1670184263935	26.6582451312194	26.8144832338058	24.6192858363352	24.8295866170464	22.3989550033545	21.2911967167148	26.2268427405234	31.0588839198734	36.3205133648985	36.8066930713421
"nCT_P3.2"	20.7185219098505	34.2013298634936	21.5889834163423	22.4448651354058	38.109892602332	15.3707073911331	7.9709802335727	10.018789778106	15.2463092180963	22.3735459292802	41.7032218561226	14.5912443152478	15.8867065869993	27.8249703963492	12.7842035190898	40.4192646808049	40.911618320804	32.1981428804845	32.2126576533623	25.0313962414787	25.1298375384985	18.9866769961196	19.2498801456956	1.37638405630649	0	2.53476231500996	2.1289739809251	3.49768356549681	3.23716814197274	5.69338580869281	5.78291130573648	4.96666494533526	5.44796453051824	6.0156684584682	6.08227664742819	32.1753447319716	32.7965762296611	19.3513535971655	20.3675630064891	44.1209348312391	45.2042817193956	38.3615012332507	38.5797947700826	35.7635149652828	35.6131399034592	32.6325132223337	31.9753068384941	23.6520534021946	24.0294954274562	23.6149810548167	26.5679898445288	22.2878453097833	28.7156459211753	27.2181525381015	17.6403741178453	21.0705404789008	20.2990552693307	26.9472949343573	45.2447086862976	43.8897245056403	25.3935487442201	24.2391955813134	23.8573746363025	23.3168798206157	24.5868723983014	34.3987524151812	30.8805702010115	31.8513772058448	27.4884526911163	27.6501333340378	25.5100310855527	25.6915372647513	23.5593391787512	22.4444144735825	27.3796861573588	32.0525285203761	36.8113125938081	37.2616901616486
"nCT_P10.1"	21.6238878757785	35.0855847514786	23.4451653080306	24.2664423863024	38.9653957397259	17.143426906066	9.19922912808897	11.6165471321436	17.2942478906364	24.338803106944	42.5305997428459	16.4597906467771	17.4323366367852	28.2251867743958	14.7079248317151	42.9518695504888	43.4429681586499	34.5068279683915	34.5273328556007	26.8256351600412	26.9314997160046	21.0604490083483	21.3571851260672	3.48941628134401	2.53476231500996	0	1.05860702964632	1.93885575248489	1.89921558231913	3.50365353350938	3.50069394158011	4.18138288652168	4.74028024643608	6.62754700764971	6.94817691926705	31.4750664746244	32.1795869160405	18.7744175548137	19.6423910219334	46.6508411246975	47.7334102576748	40.5631691546148	40.7949432169137	37.1848012878869	36.9996480216211	33.4102861487003	32.7327628676806	24.6774637676672	24.9548506284205	24.1969079038492	27.2775209163988	22.0853222012377	28.391602859545	26.9167406613323	17.9015041015444	20.8252924382802	20.2417003501139	29.1980041271083	47.7685141428147	46.4146292369608	27.9108844132018	26.7707372527958	26.3827783406094	24.7158014261427	25.4703280743061	34.1920362797606	33.4113070354199	34.3797463025162	30.0148212555448	30.1758442752116	28.0208136651927	28.2115001908882	25.8365496194632	24.7107764431927	27.6756522479537	31.9055441467155	35.5916720296931	36.0040733768549
"nCT_P10.2"	20.957715068404	34.514455947456	22.7121592151982	23.6437663386881	38.4925348796909	16.2671199502816	8.63786628825954	11.049381604956	16.5133001974251	23.690627046388	42.0607786846568	15.4586420970982	16.8604034501768	27.6697969531513	13.812918553488	42.334828657159	42.8136706404091	33.6176778133458	33.6416317994364	25.8049402025183	25.9113527454402	20.1035481259637	20.4068883960602	2.7361809053601	2.1289739809251	1.05860702964632	0	2.77535475862704	2.74244189509365	3.99217005502529	4.00063171413448	4.40727217411744	5.01768153831106	5.66940017472983	5.93518805163221	31.4174841707944	32.0921471363503	18.5437439003411	19.4784704166653	46.0241579797111	47.1097391803885	39.6340160894831	39.8704383278663	36.1332502143841	35.9455548544887	32.3860118193757	31.7100435087677	23.7956994900181	24.1120256885729	23.4373729009426	26.4409655926324	21.3135868220628	27.8490865442811	26.3282378662127	16.9498512336424	20.0187795695681	19.3748118355848	28.3142243295426	47.2233903857105	45.8439266404307	27.3844576303269	26.1628798721015	25.7800986648144	23.6587116103545	24.4326634347087	33.3542454098793	32.8706161702214	33.8494670993406	29.3659737275381	29.5250953648394	27.3287328439038	27.5439895535255	24.9356390784424	23.8064152680516	26.7226866104165	31.0467741598591	35.0958421559099	35.5279612611574
"nCT_P15.1"	21.5198762099346	34.7178618617477	24.9837986331137	24.0955399991534	38.3818023754576	18.7530801738089	9.0154970540189	11.4233568276376	18.7222396126178	24.2666870402105	41.9386388621847	17.8292303304283	17.1502948954681	27.9368785748993	16.2125654740175	43.4227540082865	43.9579316300288	35.4257193739395	35.4347923104886	27.8998400824974	28.0069277929277	22.3356174573476	22.5974900995726	4.74613477217848	3.49768356549681	1.93885575248489	2.77535475862704	0	0.437620991309544	2.99639494644059	3.14029883289104	2.99118543196765	3.37709547950041	7.6068832043016	8.07533729805053	30.4921651080577	31.2185048471237	18.1325628122288	18.9215616263386	47.2047527034343	48.2957655139549	41.7194783790312	41.9371142012947	38.6640611751652	38.4639797762748	34.8858817340276	34.1906574188957	25.1507196791517	25.3237129990821	24.4120819827713	27.6841258369088	22.8094135954779	28.3870298270996	27.0396907545496	19.1570869306751	21.7789351854166	21.3165022047676	30.3767930418872	48.2562316777091	46.9486625954935	28.1739593481381	27.2360020111151	26.7884204313429	26.1248498830521	26.9295329516971	35.663645077541	33.8449716194673	34.8074034041198	30.5872469628279	30.7595609757881	28.6705042286442	28.8365561166665	26.8175160826585	25.6649107768569	29.2056763755204	33.2879405218909	36.5347559566163	36.8826504162305
"nCT_P15.2"	21.6614581261961	34.8673964704513	24.6966831017179	24.0453865590612	38.5276800089301	18.534832878773	9.05148811492277	11.3957282232836	18.4435990377293	24.1838377576716	42.0905856510238	17.6863814779166	17.1496099218517	28.1645199490584	15.9940662256653	43.1184560314627	43.6523364193548	35.2217022210849	35.2299062729016	27.8294611575059	27.9346983310753	22.1517064328058	22.4101810457896	4.53216009072733	3.23716814197274	1.89921558231913	2.74244189509365	0.437620991309544	0	3.41963691710588	3.54987695997683	3.26392849455977	3.6297272070711	7.69745346117399	8.12115715469441	30.8384582940466	31.5572530165003	18.4752186698707	19.2791840344594	46.8909749163256	47.9790628608593	41.5142312378686	41.7293942709273	38.6133405540148	38.4237121690136	34.9485078591392	34.2592617556111	25.2685218365292	25.4619060725341	24.6075876376588	27.8572721620961	23.0775093010824	28.710190182641	27.3561461812397	19.3102478959238	22.0282653041381	21.5320180676839	30.1401423461453	47.9153476010535	46.6124943836184	27.86938955941	26.9354858914709	26.496510960007	26.0884131382186	26.9748960372496	35.8403877979684	33.514108746518	34.4725805526178	30.2876856071088	30.4590994784889	28.3828624116811	28.5395328712704	26.6174298763989	25.4732956638398	29.3180454725106	33.4760727865629	36.8586795125865	37.2170916213068
